 -8.0524999999999984e+000
 -8.0524999999999984e+000	
 -9.0524999999999984e+000	
 -9.0524999999999984e+000	
 -9.0524999999999984e+000	
 -9.0524999999999984e+000	
 -9.0524999999999984e+000	
 -9.0524999999999984e+000	
 -9.0524999999999984e+000	
 -9.0524999999999984e+000	
 -9.0524999999999984e+000	
 -9.0524999999999984e+000	
 -9.0524999999999984e+000	
 -9.0524999999999984e+000	
 -9.0524999999999984e+000	
 -9.0524999999999984e+000	
 -9.0524999999999984e+000	
 -9.0524999999999984e+000	
 -9.0524999999999984e+000	
 -9.0524999999999984e+000	
 -9.0524999999999984e+000	
 -9.0524999999999984e+000	
 -9.0524999999999984e+000	
 -9.0524999999999984e+000	
 -9.0524999999999984e+000	
 -9.0524999999999984e+000	
 -9.0524999999999984e+000	
 -9.0524999999999984e+000	
 -9.0524999999999984e+000	
 -9.0524999999999984e+000	
 -9.0524999999999984e+000	
 -9.0524999999999984e+000	
 -9.0524999999999984e+000	
 -9.0524999999999984e+000	
 -9.0524999999999984e+000	
 -9.0524999999999984e+000	
 -9.0524999999999984e+000	
 -9.0524999999999984e+000	
 -9.0524999999999984e+000	
 -9.0524999999999984e+000	
 -9.0524999999999984e+000	
 -9.0524999999999984e+000	
 -9.0524999999999984e+000	
 -9.0524999999999984e+000	
 -9.0524999999999984e+000	
 -1.0052499999999998e+001	
 -1.0052499999999998e+001	
 -1.0052499999999998e+001	
 -1.0052499999999998e+001	
 -1.0052499999999998e+001	
 -1.0052499999999998e+001	
 -1.0052499999999998e+001	
 -1.0052499999999998e+001	
 -8.0524999999999984e+000	
 -8.0524999999999984e+000	
 -8.0524999999999984e+000	
 -8.0524999999999984e+000	
 -8.0524999999999984e+000	
 -8.0524999999999984e+000	
 -8.0524999999999984e+000	
 -8.0524999999999984e+000	
 -9.0524999999999984e+000	
 -9.0524999999999984e+000	
 -9.0524999999999984e+000	
 -9.0524999999999984e+000	
 -9.0524999999999984e+000	
 -9.0524999999999984e+000	
 -9.0524999999999984e+000	
 -9.0524999999999984e+000	
 -9.0524999999999984e+000	
 -9.0524999999999984e+000	
 -9.0524999999999984e+000	
 -9.0524999999999984e+000	
 -9.0524999999999984e+000	
 -1.0052499999999998e+001	
 -1.0052499999999998e+001	
 -1.0052499999999998e+001	
 -1.0052499999999998e+001	
 -1.0052499999999998e+001	
 -1.0052499999999998e+001	
 -1.0052499999999998e+001	
 -1.0052499999999998e+001	
 -1.0052499999999998e+001	
 -1.0052499999999998e+001	
 -1.1052499999999998e+001	
 -1.1052499999999998e+001	
 -1.1052499999999998e+001	
 -1.1052499999999998e+001	
 -1.1052499999999998e+001	
 -1.1052499999999998e+001	
 -1.2052499999999998e+001	
 -1.2052499999999998e+001	
 -1.2052499999999998e+001	
 -1.2052499999999998e+001	
 -1.2052499999999998e+001	
 -1.2052499999999998e+001	
 -1.2052499999999998e+001	
 -1.2052499999999998e+001	
 -1.3052499999999998e+001	
 -1.3052499999999998e+001	
 -1.3052499999999998e+001	
 -1.3052499999999998e+001	
 -1.3052499999999998e+001	
 -1.3052499999999998e+001	
 -1.3052499999999998e+001	
 -1.3052499999999998e+001	
 -1.3052499999999998e+001	
 -1.3052499999999998e+001	
 -1.3052499999999998e+001	
 -1.3052499999999998e+001	
 -1.2052499999999998e+001	
 -1.2052499999999998e+001	
 -1.2052499999999998e+001	
 -1.2052499999999998e+001	
 -1.2052499999999998e+001	
 -1.2052499999999998e+001	
 -1.1052499999999998e+001	
 -1.1052499999999998e+001	
 -1.1052499999999998e+001	
 -1.1052499999999998e+001	
 -1.1052499999999998e+001	
 -1.1052499999999998e+001	
 -1.1052499999999998e+001	
 -1.1052499999999998e+001	
 -1.1052499999999998e+001	
 -1.1052499999999998e+001	
 -9.0524999999999984e+000	
 -9.0524999999999984e+000	
 -9.0524999999999984e+000	
 -8.0524999999999984e+000	
 -9.0524999999999984e+000	
 -9.0524999999999984e+000	
 -9.0524999999999984e+000	
 -8.0524999999999984e+000	
 -8.0524999999999984e+000	
 -8.0524999999999984e+000	
 -8.0524999999999984e+000	
 -8.0524999999999984e+000	
 -8.0524999999999984e+000	
 -8.0524999999999984e+000	
 -7.0524999999999984e+000	
 -7.0524999999999984e+000	
 -7.0524999999999984e+000	
 -7.0524999999999984e+000	
 -7.0524999999999984e+000	
 -7.0524999999999984e+000	
 -7.0524999999999984e+000	
 -7.0524999999999984e+000	
 -7.0524999999999984e+000	
 -6.0524999999999984e+000	
 -6.0524999999999984e+000	
 -6.0524999999999984e+000	
 -6.0524999999999984e+000	
 -5.0524999999999984e+000	
 -5.0524999999999984e+000	
 -5.0524999999999984e+000	
 -4.0524999999999984e+000	
 -4.0524999999999984e+000	
 -3.0524999999999984e+000	
 -3.0524999999999984e+000	
 -3.0524999999999984e+000	
 -3.0524999999999984e+000	
 -3.0524999999999984e+000	
 -2.0524999999999984e+000	
 -2.0524999999999984e+000	
 -2.0524999999999984e+000	
 -2.0524999999999984e+000	
 -2.0524999999999984e+000	
 -2.0524999999999984e+000	
 -3.0524999999999984e+000	
 -3.0524999999999984e+000	
 -3.0524999999999984e+000	
 -3.0524999999999984e+000	
 -3.0524999999999984e+000	
 -3.0524999999999984e+000	
 -4.0524999999999984e+000	
 -4.0524999999999984e+000	
 -4.0524999999999984e+000	
 -5.0524999999999984e+000	
 -5.0524999999999984e+000	
 -5.0524999999999984e+000	
 -5.0524999999999984e+000	
 -5.0524999999999984e+000	
 -4.0524999999999984e+000	
 -4.0524999999999984e+000	
 -4.0524999999999984e+000	
 -4.0524999999999984e+000	
 -4.0524999999999984e+000	
 -4.0524999999999984e+000	
 -4.0524999999999984e+000	
 -4.0524999999999984e+000	
 -4.0524999999999984e+000	
 -4.0524999999999984e+000	
 -4.0524999999999984e+000	
 -4.0524999999999984e+000	
 -5.0524999999999984e+000	
 -5.0524999999999984e+000	
 -5.0524999999999984e+000	
 -5.0524999999999984e+000	
 -5.0524999999999984e+000	
 -4.0524999999999984e+000	
 -4.0524999999999984e+000	
 -3.0524999999999984e+000	
 -3.0524999999999984e+000	
 -3.0524999999999984e+000	
 -3.0524999999999984e+000	
 -2.0524999999999984e+000	
 -2.0524999999999984e+000	
 -2.0524999999999984e+000	
 -2.0524999999999984e+000	
 -2.0524999999999984e+000	
 -2.0524999999999984e+000	
 -2.0524999999999984e+000	
 -2.0524999999999984e+000	
 -2.0524999999999984e+000	
 -1.0524999999999984e+000	
 -1.0524999999999984e+000	
 -1.0524999999999984e+000	
 -1.0524999999999984e+000	
 -1.0524999999999984e+000	
 -1.0524999999999984e+000	
 -1.0524999999999984e+000	
 -1.0524999999999984e+000	
 -1.0524999999999984e+000	
 -1.0524999999999984e+000	
 -5.2499999999998437e-002	
  9.4750000000000156e-001	
  9.4750000000000156e-001	
  9.4750000000000156e-001	
  9.4750000000000156e-001	
  1.9475000000000016e+000	
  1.9475000000000016e+000	
  1.9475000000000016e+000	
  1.9475000000000016e+000	
  1.9475000000000016e+000	
  1.9475000000000016e+000	
  1.9475000000000016e+000	
  1.9475000000000016e+000	
  1.9475000000000016e+000	
  1.9475000000000016e+000	
  1.9475000000000016e+000	
  1.9475000000000016e+000	
  1.9475000000000016e+000	
  1.9475000000000016e+000	
  1.9475000000000016e+000	
  1.9475000000000016e+000	
  1.9475000000000016e+000	
  1.9475000000000016e+000	
  1.9475000000000016e+000	
  2.9475000000000016e+000	
  2.9475000000000016e+000	
  3.9475000000000016e+000	
  3.9475000000000016e+000	
  4.9475000000000016e+000	
  5.9475000000000016e+000	
  5.9475000000000016e+000	
  5.9475000000000016e+000	
  6.9475000000000016e+000	
  6.9475000000000016e+000	
  6.9475000000000016e+000	
  7.9475000000000016e+000	
  7.9475000000000016e+000	
  7.9475000000000016e+000	
  7.9475000000000016e+000	
  7.9475000000000016e+000	
  7.9475000000000016e+000	
  7.9475000000000016e+000	
  8.9475000000000016e+000	
  8.9475000000000016e+000	
  8.9475000000000016e+000	
  8.9475000000000016e+000	
  8.9475000000000016e+000	
  8.9475000000000016e+000	
  8.9475000000000016e+000	
  8.9475000000000016e+000	
  8.9475000000000016e+000	
  8.9475000000000016e+000	
  9.9475000000000016e+000	
  9.9475000000000016e+000	
  9.9475000000000016e+000	
  1.0947500000000002e+001	
  1.0947500000000002e+001	
  1.0947500000000002e+001	
  1.0947500000000002e+001	
  1.0947500000000002e+001	
  1.0947500000000002e+001	
  1.0947500000000002e+001	
  1.0947500000000002e+001	
  1.0947500000000002e+001	
  1.0947500000000002e+001	
  1.0947500000000002e+001	
  1.0947500000000002e+001	
  1.0947500000000002e+001	
  1.1947500000000002e+001	
  1.1947500000000002e+001	
  1.2947500000000002e+001	
  1.2947500000000002e+001	
  1.2947500000000002e+001	
  1.1947500000000002e+001	
  1.1947500000000002e+001	
  1.2947500000000002e+001	
  1.2947500000000002e+001	
  1.1947500000000002e+001	
  1.1947500000000002e+001	
  1.1947500000000002e+001	
  1.1947500000000002e+001	
  1.2947500000000002e+001	
  1.2947500000000002e+001	
  1.1947500000000002e+001	
  1.1947500000000002e+001	
  1.0947500000000002e+001	
  1.0947500000000002e+001	
  1.0947500000000002e+001	
  1.0947500000000002e+001	
  1.0947500000000002e+001	
  1.1947500000000002e+001	
  1.1947500000000002e+001	
  1.1947500000000002e+001	
  1.1947500000000002e+001	
  1.1947500000000002e+001	
  1.1947500000000002e+001	
  1.2947500000000002e+001	
  1.2947500000000002e+001	
  1.1947500000000002e+001	
  1.1947500000000002e+001	
  1.1947500000000002e+001	
  1.1947500000000002e+001	
  1.1947500000000002e+001	
  1.1947500000000002e+001	
  1.0947500000000002e+001	
  1.0947500000000002e+001	
  1.0947500000000002e+001	
  1.0947500000000002e+001	
  1.0947500000000002e+001	
  1.0947500000000002e+001	
  1.0947500000000002e+001	
  9.9475000000000016e+000	
  9.9475000000000016e+000	
  8.9475000000000016e+000	
  9.9475000000000016e+000	
  9.9475000000000016e+000	
  9.9475000000000016e+000	
  9.9475000000000016e+000	
  8.9475000000000016e+000	
  8.9475000000000016e+000	
  1.0947500000000002e+001	
  1.0947500000000002e+001	
  1.0947500000000002e+001	
  1.0947500000000002e+001	
  9.9475000000000016e+000	
  8.9475000000000016e+000	
  8.9475000000000016e+000	
  8.9475000000000016e+000	
  8.9475000000000016e+000	
  8.9475000000000016e+000	
  8.9475000000000016e+000	
  9.9475000000000016e+000	
  9.9475000000000016e+000	
  9.9475000000000016e+000	
  1.0947500000000002e+001	
  1.0947500000000002e+001	
  1.0947500000000002e+001	
  1.0947500000000002e+001	
  1.0947500000000002e+001	
  1.0947500000000002e+001	
  1.0947500000000002e+001	
  1.0947500000000002e+001	
  1.0947500000000002e+001	
  1.0947500000000002e+001	
  1.1947500000000002e+001	
  1.1947500000000002e+001	
  1.1947500000000002e+001	
  1.1947500000000002e+001	
  1.1947500000000002e+001	
  1.1947500000000002e+001	
  1.1947500000000002e+001	
  1.1947500000000002e+001	
  1.2947500000000002e+001	
  1.3947500000000002e+001	
  1.3947500000000002e+001	
  1.4947500000000002e+001	
  1.4947500000000002e+001	
  1.4947500000000002e+001	
  1.5947500000000002e+001	
  1.4947500000000002e+001	
  1.4947500000000002e+001	
  1.4947500000000002e+001	
  1.5947500000000002e+001	
  1.5947500000000002e+001	
  1.5947500000000002e+001	
  1.4947500000000002e+001	
  1.5947500000000002e+001	
  1.6947500000000002e+001	
  1.5947500000000002e+001	
  1.5947500000000002e+001	
  1.5947500000000002e+001	
  1.5947500000000002e+001	
  1.5947500000000002e+001	
  1.4947500000000002e+001	
  1.4947500000000002e+001	
