  3.3134443574081025e+001	
  3.0398225828843763e+001	
  2.7850272914140778e+001	
  2.5480455234918054e+001	
  2.3279032647566382e+001	
  2.1236646476125586e+001	
  1.9344311528488646e+001	
  1.7593408112605882e+001	
  1.5975674052689119e+001	
  1.4483196705415860e+001	
  1.3108404976133480e+001	
  1.1844061335063333e+001	
  1.0683253833504995e+001	
  9.6193881200403943e+000	
  8.6461794567379933e+000	
  7.7576447353569531e+000	
  6.9480944935512943e+000	
  6.2121249310741060e+000	
  5.5446099259816615e+000	
  4.9406930508376341e+000	
  4.3957795889172484e+000	
  3.9055285504114376e+000	
  3.4658446886310523e+000	
  3.0728705162109855e+000	
  2.7229783213143746e+000	
  2.4127621838367572e+000	
  2.1390299916102489e+000	
  1.8987954566077088e+000	
  1.6892701311469078e+000	
  1.5078554240947066e+000	
  1.3521346170712198e+000	
  1.2198648806539887e+000	
  1.1089692905821493e+000	
  1.0175288439606067e+000	
  9.4377447546420001e-001	
  8.8607907354187787e-001	
  8.4294949662086505e-001	
  8.1301858931083482e-001	
  7.9503719860807820e-001	
  7.8786619009967451e-001	
  7.9046846416766181e-001	
  8.0190097219320755e-001	
  8.2130673276077792e-001	
  8.4790684786230885e-001	
  8.8099251910137577e-001	
  9.1991706389736472e-001	
  9.6408793168964224e-001	
  1.0129587201417254e+000	
  1.0660211913454518e+000	
  1.1227972880251518e+000	
  1.1828311497418154e+000	
  1.2456811290972658e+000	
  1.3109118079383293e+000	
  1.3780860135610020e+000	
  1.4467568349146254e+000	
  1.5164596388060534e+000	
  1.5867040861038222e+000	
  1.6569661479423237e+000	
  1.7266801219259711e+000	
  1.7952306483333742e+000	
  1.8619447263215070e+000	
  1.9260837301298772e+000	
  1.9868354252846998e+000	
  2.0433059848030624e+000	
  2.0945120053971009e+000	
  2.1393725236781655e+000	
  2.1767010323609943e+000	
  2.2051974964678811e+000	
  2.2234403695328462e+000	
  2.2298786098058092e+000	
  2.2228236964567554e+000	
  2.2004416457799074e+000	
  2.1607450273978976e+000	
  2.1015849804659368e+000	
  2.0206432298759829e+000	
  1.9154241024609147e+000	
  1.7832465431987004e+000	
  1.6212361314165629e+000	
  1.4263170969951642e+000	
  1.1952043365727567e+000	
  9.2439542974937172e-001	
  6.1016265529097335e-001	
  2.4854500733364659e-001	
 -1.6465978841224960e-001	
 -6.3390325845790851e-001	
 -1.1638941653318855e+000	
 -1.7596064913759673e+000	
 -2.4262874225409461e+000	
 -3.1694653321825133e+000	
 -3.9949577648570473e+000	
 -4.9088794201174295e+000	
 -5.9176501363089455e+000	
 -7.0280028743650087e+000	
 -8.2469917016031040e+000	
 -9.5819997755205115e+000	
 -1.1040747327590223e+001	
 -1.2631299647056739e+001	
 -1.4362075064731842e+001	
 -1.6241852936790554e+001	
 -1.8279781628566813e+001	
