  6.4796519222470055e+000	
  1.0991917503897002e+000	
  4.7524305296850171e+000	
  1.6562354548387106e+001	
  4.1781057822758427e+000	
  3.3612038473206649e+000	
  4.2311846214888256e+000	
 -9.7410879153903018e-001	
  1.0945807988479274e+001	
  1.1435971316398634e+000	
 -3.7652905607999299e-001	
 -3.2650379720790115e+000	
  8.5582895901803990e-001	
  2.0916825637383547e+000	
  3.4275487640501137e+000	
  3.7069841797313789e+000	
  8.2453442758494200e-002	
  2.9457667432208638e+001	
 -3.1795612499422843e+000	
  1.3153913323785134e+000	
 -1.0460920063192307e+000	
 -1.5358351393222744e+000	
 -6.5911162103225518e-001	
  5.0662010384646150e+000	
  1.6546583301540791e+000	
 -2.4052304468847958e+000	
  2.0633613979913212e+000	
  2.0617990192490026e+000	
  1.4610243869906149e+001	
  2.6361630984481184e+000	
  2.8426183063220742e+000	
  2.5703897437016008e+000	
  5.7427208743270608e-001	
 -7.3993080789956913e+000	
  2.0686060598267471e+000	
  1.2784658244542337e+000	
  1.6705076081329453e+000	
  3.5135084366346798e+000	
 -2.8642581544158903e+000	
  5.1887715461497397e-002	
  2.4236480784689380e+000	
 -1.1739129296971132e+001	
  4.8818203326402552e+000	
  1.3743388769928060e+001	
  6.0695980709979285e+000	
 -1.0097887644621333e+000	
 -3.3102657763869936e-001	
  2.9282546651216874e+000	
 -6.5737050404812480e-002	
  6.5764437221385172e+000	
