1	2001
2	2002
3	2003
4	2004
5	2005
6	2006
7	2007
8	2008
9	2009
10	2010
11	2011
12	2012
13	2013
14	2014
15	2015
16	2016
17	2017
18	2018
19	2019
20	2020
21	2021
22	2022
23	2023
24	2024
25	2025
26	2026
27	2027
28	2028
29	2029
30	2030
31	2031
32	2032
33	2033
34	2034
35	2035
36	2036
37	2037
38	2038
39	2039
40	2040
41	2041
42	2042
43	2043
44	2044
45	2045
46	2046
47	2047
48	2048
49	2049
50	2050
51	2051
52	2052
53	2053
54	2054
55	2055
56	2056
57	2057
58	2058
59	2059
60	2060
61	2061
62	2062
63	2063
64	2064
65	2065
66	2066
67	2067
68	2068
69	2069
70	2070
71	2071
72	2072
73	2073
74	2074
75	2075
76	2076
77	2077
78	2078
79	2079
80	2080
81	2081
82	2082
83	2083
84	2084
85	2085
86	2086
87	2087
88	2088
89	2089
90	2090
91	2091
92	2092
93	2093
94	2094
95	2095
96	2096
97	2097
98	2098
99	2099
100	2100
101	2101
102	2102
103	2103
104	2104
105	2105
106	2106
107	2107
108	2108
109	2109
110	2110
111	2111
112	2112
113	2113
114	2114
115	2115
116	2116
117	2117
118	2118
119	2119
120	2120
121	2121
122	2122
123	2123
124	2124
125	2125
126	2126
127	2127
128	2128
129	2129
130	2130
131	2131
132	2132
133	2133
134	2134
135	2135
136	2136
137	2137
138	2138
139	2139
140	2140
141	2141
142	2142
143	2143
144	2144
145	2145
146	2146
147	2147
148	2148
149	2149
150	2150
151	2151
152	2152
153	2153
154	2154
155	2155
156	2156
157	2157
158	2158
159	2159
160	2160
161	2161
162	2162
163	2163
164	2164
165	2165
166	2166
167	2167
168	2168
169	2169
170	2170
171	2171
172	2172
173	2173
174	2174
175	2175
176	2176
177	2177
178	2178
179	2179
180	2180
181	2181
182	2182
183	2183
184	2184
185	2185
186	2186
187	2187
188	2188
189	2189
190	2190
191	2191
192	2192
193	2193
194	2194
195	2195
196	2196
197	2197
198	2198
199	2199
200	2200
201	2201
202	2202
203	2203
204	2204
205	2205
206	2206
207	2207
208	2208
209	2209
210	2210
211	2211
212	2212
213	2213
214	2214
215	2215
216	2216
217	2217
218	2218
219	2219
220	2220
221	2221
222	2222
223	2223
224	2224
225	2225
226	2226
227	2227
228	2228
229	2229
230	2230
231	2231
232	2232
233	2233
234	2234
235	2235
236	2236
237	2237
238	2238
239	2239
240	2240
241	2241
242	2242
243	2243
244	2244
245	2245
246	2246
247	2247
248	2248
249	2249
250	2250
251	2251
252	2252
253	2253
254	2254
255	2255
256	2256
257	2257
258	2258
259	2259
260	2260
261	2261
262	2262
263	2263
264	2264
265	2265
266	2266
267	2267
268	2268
269	2269
270	2270
271	2271
272	2272
273	2273
274	2274
275	2275
276	2276
277	2277
278	2278
279	2279
280	2280
281	2281
282	2282
283	2283
284	2284
285	2285
286	2286
287	2287
288	2288
289	2289
290	2290
291	2291
292	2292
293	2293
294	2294
295	2295
296	2296
297	2297
298	2298
299	2299
300	2300
301	2301
302	2302
303	2303
304	2304
305	2305
306	2306
307	2307
308	2308
309	2309
310	2310
311	2311
312	2312
313	2313
314	2314
315	2315
316	2316
317	2317
318	2318
319	2319
320	2320
321	2321
322	2322
323	2323
324	2324
325	2325
326	2326
327	2327
328	2328
329	2329
330	2330
331	2331
332	2332
333	2333
334	2334
335	2335
336	2336
337	2337
338	2338
339	2339
340	2340
341	2341
342	2342
343	2343
344	2344
345	2345
346	2346
347	2347
348	2348
349	2349
350	2350
351	2351
352	2352
353	2353
354	2354
355	2355
356	2356
357	2357
358	2358
359	2359
360	2360
361	2361
362	2362
363	2363
364	2364
365	2365
366	2366
367	2367
368	2368
369	2369
370	2370
371	2371
372	2372
373	2373
374	2374
375	2375
376	2376
377	2377
378	2378
379	2379
380	2380
381	2381
382	2382
383	2383
384	2384
385	2385
386	2386
387	2387
388	2388
389	2389
390	2390
391	2391
392	2392
393	2393
394	2394
395	2395
396	2396
397	2397
398	2398
399	2399
400	2400
401	2401
402	2402
403	2403
404	2404
405	2405
406	2406
407	2407
408	2408
409	2409
410	2410
411	2411
412	2412
413	2413
414	2414
415	2415
416	2416
417	2417
418	2418
419	2419
420	2420
421	2421
422	2422
423	2423
424	2424
425	2425
426	2426
427	2427
428	2428
429	2429
430	2430
431	2431
432	2432
433	2433
434	2434
435	2435
436	2436
437	2437
438	2438
439	2439
440	2440
441	2441
442	2442
443	2443
444	2444
445	2445
446	2446
447	2447
448	2448
449	2449
450	2450
451	2451
452	2452
453	2453
454	2454
455	2455
456	2456
457	2457
458	2458
459	2459
460	2460
461	2461
462	2462
463	2463
464	2464
465	2465
466	2466
467	2467
468	2468
469	2469
470	2470
471	2471
472	2472
473	2473
474	2474
475	2475
476	2476
477	2477
478	2478
479	2479
480	2480
481	2481
482	2482
483	2483
484	2484
485	2485
486	2486
487	2487
488	2488
489	2489
490	2490
491	2491
492	2492
493	2493
494	2494
495	2495
496	2496
497	2497
498	2498
499	2499
500	2500
501	2501
502	2502
503	2503
504	2504
505	2505
506	2506
507	2507
508	2508
509	2509
510	2510
511	2511
512	2512
513	2513
514	2514
515	2515
516	2516
517	2517
518	2518
519	2519
520	2520
521	2521
522	2522
523	2523
524	2524
525	2525
526	2526
527	2527
528	2528
529	2529
530	2530
531	2531
532	2532
533	2533
534	2534
535	2535
536	2536
537	2537
538	2538
539	2539
540	2540
541	2541
542	2542
543	2543
544	2544
545	2545
546	2546
547	2547
548	2548
549	2549
550	2550
551	2551
552	2552
553	2553
554	2554
555	2555
556	2556
557	2557
558	2558
559	2559
560	2560
561	2561
562	2562
563	2563
564	2564
565	2565
566	2566
567	2567
568	2568
569	2569
570	2570
571	2571
572	2572
573	2573
574	2574
575	2575
576	2576
577	2577
578	2578
579	2579
580	2580
581	2581
582	2582
583	2583
584	2584
585	2585
586	2586
587	2587
588	2588
589	2589
590	2590
591	2591
592	2592
593	2593
594	2594
595	2595
596	2596
597	2597
598	2598
599	2599
600	2600
601	2601
602	2602
603	2603
604	2604
605	2605
606	2606
607	2607
608	2608
609	2609
610	2610
611	2611
612	2612
613	2613
614	2614
615	2615
616	2616
617	2617
618	2618
619	2619
620	2620
621	2621
622	2622
623	2623
624	2624
625	2625
626	2626
627	2627
628	2628
629	2629
630	2630
631	2631
632	2632
633	2633
634	2634
635	2635
636	2636
637	2637
638	2638
639	2639
640	2640
641	2641
642	2642
643	2643
644	2644
645	2645
646	2646
647	2647
648	2648
649	2649
650	2650
651	2651
652	2652
653	2653
654	2654
655	2655
656	2656
657	2657
658	2658
659	2659
660	2660
661	2661
662	2662
663	2663
664	2664
665	2665
666	2666
667	2667
668	2668
669	2669
670	2670
671	2671
672	2672
673	2673
674	2674
675	2675
676	2676
677	2677
678	2678
679	2679
680	2680
681	2681
682	2682
683	2683
684	2684
685	2685
686	2686
687	2687
688	2688
689	2689
690	2690
691	2691
692	2692
693	2693
694	2694
695	2695
696	2696
697	2697
698	2698
699	2699
700	2700
701	2701
702	2702
703	2703
704	2704
705	2705
706	2706
707	2707
708	2708
709	2709
710	2710
711	2711
712	2712
713	2713
714	2714
715	2715
716	2716
717	2717
718	2718
719	2719
720	2720
721	2721
722	2722
723	2723
724	2724
725	2725
726	2726
727	2727
728	2728
729	2729
730	2730
731	2731
732	2732
733	2733
734	2734
735	2735
736	2736
737	2737
738	2738
739	2739
740	2740
741	2741
742	2742
743	2743
744	2744
745	2745
746	2746
747	2747
748	2748
749	2749
750	2750
751	2751
752	2752
753	2753
754	2754
755	2755
756	2756
757	2757
758	2758
759	2759
760	2760
761	2761
762	2762
763	2763
764	2764
765	2765
766	2766
767	2767
768	2768
769	2769
770	2770
771	2771
772	2772
773	2773
774	2774
775	2775
776	2776
777	2777
778	2778
779	2779
780	2780
781	2781
782	2782
783	2783
784	2784
785	2785
786	2786
787	2787
788	2788
789	2789
790	2790
791	2791
792	2792
793	2793
794	2794
795	2795
796	2796
797	2797
798	2798
799	2799
800	2800
801	2801
802	2802
803	2803
804	2804
805	2805
806	2806
807	2807
808	2808
809	2809
810	2810
811	2811
812	2812
813	2813
814	2814
815	2815
816	2816
817	2817
818	2818
819	2819
820	2820
821	2821
822	2822
823	2823
824	2824
825	2825
826	2826
827	2827
828	2828
829	2829
830	2830
831	2831
832	2832
833	2833
834	2834
835	2835
836	2836
837	2837
838	2838
839	2839
840	2840
841	2841
842	2842
843	2843
844	2844
845	2845
846	2846
847	2847
848	2848
849	2849
850	2850
851	2851
852	2852
853	2853
854	2854
855	2855
856	2856
857	2857
858	2858
859	2859
860	2860
861	2861
862	2862
863	2863
864	2864
865	2865
866	2866
867	2867
868	2868
869	2869
870	2870
871	2871
872	2872
873	2873
874	2874
875	2875
876	2876
877	2877
878	2878
879	2879
880	2880
881	2881
882	2882
883	2883
884	2884
885	2885
886	2886
887	2887
888	2888
889	2889
890	2890
891	2891
892	2892
893	2893
894	2894
895	2895
896	2896
897	2897
898	2898
899	2899
900	2900
901	2901
902	2902
903	2903
904	2904
905	2905
906	2906
907	2907
908	2908
909	2909
910	2910
911	2911
912	2912
913	2913
914	2914
915	2915
916	2916
917	2917
918	2918
919	2919
920	2920
921	2921
922	2922
923	2923
924	2924
925	2925
926	2926
927	2927
928	2928
929	2929
930	2930
931	2931
932	2932
933	2933
934	2934
935	2935
936	2936
937	2937
938	2938
939	2939
940	2940
941	2941
942	2942
943	2943
944	2944
945	2945
946	2946
947	2947
948	2948
949	2949
950	2950
951	2951
952	2952
953	2953
954	2954
955	2955
956	2956
957	2957
958	2958
959	2959
960	2960
961	2961
962	2962
963	2963
964	2964
965	2965
966	2966
967	2967
968	2968
969	2969
970	2970
971	2971
972	2972
973	2973
974	2974
975	2975
976	2976
977	2977
978	2978
979	2979
980	2980
981	2981
982	2982
983	2983
984	2984
985	2985
986	2986
987	2987
988	2988
989	2989
990	2990
991	2991
992	2992
993	2993
994	2994
995	2995
996	2996
997	2997
998	2998
999	2999
1000	3000
1001	3001
1002	3002
1003	3003
1004	3004
1005	3005
1006	3006
1007	3007
1008	3008
1009	3009
1010	3010
1011	3011
1012	3012
1013	3013
1014	3014
1015	3015
1016	3016
1017	3017
1018	3018
1019	3019
1020	3020
1021	3021
1022	3022
1023	3023
1024	3024
1025	3025
1026	3026
1027	3027
1028	3028
1029	3029
1030	3030
1031	3031
1032	3032
1033	3033
1034	3034
1035	3035
1036	3036
1037	3037
1038	3038
1039	3039
1040	3040
1041	3041
1042	3042
1043	3043
1044	3044
1045	3045
1046	3046
1047	3047
1048	3048
1049	3049
1050	3050
1051	3051
1052	3052
1053	3053
1054	3054
1055	3055
1056	3056
1057	3057
1058	3058
1059	3059
1060	3060
1061	3061
1062	3062
1063	3063
1064	3064
1065	3065
1066	3066
1067	3067
1068	3068
1069	3069
1070	3070
1071	3071
1072	3072
1073	3073
1074	3074
1075	3075
1076	3076
1077	3077
1078	3078
1079	3079
1080	3080
1081	3081
1082	3082
1083	3083
1084	3084
1085	3085
1086	3086
1087	3087
1088	3088
1089	3089
1090	3090
1091	3091
1092	3092
1093	3093
1094	3094
1095	3095
1096	3096
1097	3097
1098	3098
1099	3099
1100	3100
1101	3101
1102	3102
1103	3103
1104	3104
1105	3105
1106	3106
1107	3107
1108	3108
1109	3109
1110	3110
1111	3111
1112	3112
1113	3113
1114	3114
1115	3115
1116	3116
1117	3117
1118	3118
1119	3119
1120	3120
1121	3121
1122	3122
1123	3123
1124	3124
1125	3125
1126	3126
1127	3127
1128	3128
1129	3129
1130	3130
1131	3131
1132	3132
1133	3133
1134	3134
1135	3135
1136	3136
1137	3137
1138	3138
1139	3139
1140	3140
1141	3141
1142	3142
1143	3143
1144	3144
1145	3145
1146	3146
1147	3147
1148	3148
1149	3149
1150	3150
1151	3151
1152	3152
1153	3153
1154	3154
1155	3155
1156	3156
1157	3157
1158	3158
1159	3159
1160	3160
1161	3161
1162	3162
1163	3163
1164	3164
1165	3165
1166	3166
1167	3167
1168	3168
1169	3169
1170	3170
1171	3171
1172	3172
1173	3173
1174	3174
1175	3175
1176	3176
1177	3177
1178	3178
1179	3179
1180	3180
1181	3181
1182	3182
1183	3183
1184	3184
1185	3185
1186	3186
1187	3187
1188	3188
1189	3189
1190	3190
1191	3191
1192	3192
1193	3193
1194	3194
1195	3195
1196	3196
1197	3197
1198	3198
1199	3199
1200	3200
1201	3201
1202	3202
1203	3203
1204	3204
1205	3205
1206	3206
1207	3207
1208	3208
1209	3209
1210	3210
1211	3211
1212	3212
1213	3213
1214	3214
1215	3215
1216	3216
1217	3217
1218	3218
1219	3219
1220	3220
1221	3221
1222	3222
1223	3223
1224	3224
1225	3225
1226	3226
1227	3227
1228	3228
1229	3229
1230	3230
1231	3231
1232	3232
1233	3233
1234	3234
1235	3235
1236	3236
1237	3237
1238	3238
1239	3239
1240	3240
1241	3241
1242	3242
1243	3243
1244	3244
1245	3245
1246	3246
1247	3247
1248	3248
1249	3249
1250	3250
1251	3251
1252	3252
1253	3253
1254	3254
1255	3255
1256	3256
1257	3257
1258	3258
1259	3259
1260	3260
1261	3261
1262	3262
1263	3263
1264	3264
1265	3265
1266	3266
1267	3267
1268	3268
1269	3269
1270	3270
1271	3271
1272	3272
1273	3273
1274	3274
1275	3275
1276	3276
1277	3277
1278	3278
1279	3279
1280	3280
1281	3281
1282	3282
1283	3283
1284	3284
1285	3285
1286	3286
1287	3287
1288	3288
1289	3289
1290	3290
1291	3291
1292	3292
1293	3293
1294	3294
1295	3295
1296	3296
1297	3297
1298	3298
1299	3299
1300	3300
1301	3301
1302	3302
1303	3303
1304	3304
1305	3305
1306	3306
1307	3307
1308	3308
1309	3309
1310	3310
1311	3311
1312	3312
1313	3313
1314	3314
1315	3315
1316	3316
1317	3317
1318	3318
1319	3319
1320	3320
1321	3321
1322	3322
1323	3323
1324	3324
1325	3325
1326	3326
1327	3327
1328	3328
1329	3329
1330	3330
1331	3331
1332	3332
1333	3333
1334	3334
1335	3335
1336	3336
1337	3337
1338	3338
1339	3339
1340	3340
1341	3341
1342	3342
1343	3343
1344	3344
1345	3345
1346	3346
1347	3347
1348	3348
1349	3349
1350	3350
1351	3351
1352	3352
1353	3353
1354	3354
1355	3355
1356	3356
1357	3357
1358	3358
1359	3359
1360	3360
1361	3361
1362	3362
1363	3363
1364	3364
1365	3365
1366	3366
1367	3367
1368	3368
1369	3369
1370	3370
1371	3371
1372	3372
1373	3373
1374	3374
1375	3375
1376	3376
1377	3377
1378	3378
1379	3379
1380	3380
1381	3381
1382	3382
1383	3383
1384	3384
1385	3385
1386	3386
1387	3387
1388	3388
1389	3389
1390	3390
1391	3391
1392	3392
1393	3393
1394	3394
1395	3395
1396	3396
1397	3397
1398	3398
1399	3399
1400	3400
1401	3401
1402	3402
1403	3403
1404	3404
1405	3405
1406	3406
1407	3407
1408	3408
1409	3409
1410	3410
1411	3411
1412	3412
1413	3413
1414	3414
1415	3415
1416	3416
1417	3417
1418	3418
1419	3419
1420	3420
1421	3421
1422	3422
1423	3423
1424	3424
1425	3425
1426	3426
1427	3427
1428	3428
1429	3429
1430	3430
1431	3431
1432	3432
1433	3433
1434	3434
1435	3435
1436	3436
1437	3437
1438	3438
1439	3439
1440	3440
1441	3441
1442	3442
1443	3443
1444	3444
1445	3445
1446	3446
1447	3447
1448	3448
1449	3449
1450	3450
1451	3451
1452	3452
1453	3453
1454	3454
1455	3455
1456	3456
1457	3457
1458	3458
1459	3459
1460	3460
1461	3461
1462	3462
1463	3463
1464	3464
1465	3465
1466	3466
1467	3467
1468	3468
1469	3469
1470	3470
1471	3471
1472	3472
1473	3473
1474	3474
1475	3475
1476	3476
1477	3477
1478	3478
1479	3479
1480	3480
1481	3481
1482	3482
1483	3483
1484	3484
1485	3485
1486	3486
1487	3487
1488	3488
1489	3489
1490	3490
1491	3491
1492	3492
1493	3493
1494	3494
1495	3495
1496	3496
1497	3497
1498	3498
1499	3499
1500	3500
1501	3501
1502	3502
1503	3503
1504	3504
1505	3505
1506	3506
1507	3507
1508	3508
1509	3509
1510	3510
1511	3511
1512	3512
1513	3513
1514	3514
1515	3515
1516	3516
1517	3517
1518	3518
1519	3519
1520	3520
1521	3521
1522	3522
1523	3523
1524	3524
1525	3525
1526	3526
1527	3527
1528	3528
1529	3529
1530	3530
1531	3531
1532	3532
1533	3533
1534	3534
1535	3535
1536	3536
1537	3537
1538	3538
1539	3539
1540	3540
1541	3541
1542	3542
1543	3543
1544	3544
1545	3545
1546	3546
1547	3547
1548	3548
1549	3549
1550	3550
1551	3551
1552	3552
1553	3553
1554	3554
1555	3555
1556	3556
1557	3557
1558	3558
1559	3559
1560	3560
1561	3561
1562	3562
1563	3563
1564	3564
1565	3565
1566	3566
1567	3567
1568	3568
1569	3569
1570	3570
1571	3571
1572	3572
1573	3573
1574	3574
1575	3575
1576	3576
1577	3577
1578	3578
1579	3579
1580	3580
1581	3581
1582	3582
1583	3583
1584	3584
1585	3585
1586	3586
1587	3587
1588	3588
1589	3589
1590	3590
1591	3591
1592	3592
1593	3593
1594	3594
1595	3595
1596	3596
1597	3597
1598	3598
1599	3599
1600	3600
1601	3601
1602	3602
1603	3603
1604	3604
1605	3605
1606	3606
1607	3607
1608	3608
1609	3609
1610	3610
1611	3611
1612	3612
1613	3613
1614	3614
1615	3615
1616	3616
1617	3617
1618	3618
1619	3619
1620	3620
1621	3621
1622	3622
1623	3623
1624	3624
1625	3625
1626	3626
1627	3627
1628	3628
1629	3629
1630	3630
1631	3631
1632	3632
1633	3633
1634	3634
1635	3635
1636	3636
1637	3637
1638	3638
1639	3639
1640	3640
1641	3641
1642	3642
1643	3643
1644	3644
1645	3645
1646	3646
1647	3647
1648	3648
1649	3649
1650	3650
1651	3651
1652	3652
1653	3653
1654	3654
1655	3655
1656	3656
1657	3657
1658	3658
1659	3659
1660	3660
1661	3661
1662	3662
1663	3663
1664	3664
1665	3665
1666	3666
1667	3667
1668	3668
1669	3669
1670	3670
1671	3671
1672	3672
1673	3673
1674	3674
1675	3675
1676	3676
1677	3677
1678	3678
1679	3679
1680	3680
1681	3681
1682	3682
1683	3683
1684	3684
1685	3685
1686	3686
1687	3687
1688	3688
1689	3689
1690	3690
1691	3691
1692	3692
1693	3693
1694	3694
1695	3695
1696	3696
1697	3697
1698	3698
1699	3699
1700	3700
1701	3701
1702	3702
1703	3703
1704	3704
1705	3705
1706	3706
1707	3707
1708	3708
1709	3709
1710	3710
1711	3711
1712	3712
1713	3713
1714	3714
1715	3715
1716	3716
1717	3717
1718	3718
1719	3719
1720	3720
1721	3721
1722	3722
1723	3723
1724	3724
1725	3725
1726	3726
1727	3727
1728	3728
1729	3729
1730	3730
1731	3731
1732	3732
1733	3733
1734	3734
1735	3735
1736	3736
1737	3737
1738	3738
1739	3739
1740	3740
1741	3741
1742	3742
1743	3743
1744	3744
1745	3745
1746	3746
1747	3747
1748	3748
1749	3749
1750	3750
1751	3751
1752	3752
1753	3753
1754	3754
1755	3755
1756	3756
1757	3757
1758	3758
1759	3759
1760	3760
1761	3761
1762	3762
1763	3763
1764	3764
1765	3765
1766	3766
1767	3767
1768	3768
1769	3769
1770	3770
1771	3771
1772	3772
1773	3773
1774	3774
1775	3775
1776	3776
1777	3777
1778	3778
1779	3779
1780	3780
1781	3781
1782	3782
1783	3783
1784	3784
1785	3785
1786	3786
1787	3787
1788	3788
1789	3789
1790	3790
1791	3791
1792	3792
1793	3793
1794	3794
1795	3795
1796	3796
1797	3797
1798	3798
1799	3799
1800	3800
1801	3801
1802	3802
1803	3803
1804	3804
1805	3805
1806	3806
1807	3807
1808	3808
1809	3809
1810	3810
1811	3811
1812	3812
1813	3813
1814	3814
1815	3815
1816	3816
1817	3817
1818	3818
1819	3819
1820	3820
1821	3821
1822	3822
1823	3823
1824	3824
1825	3825
1826	3826
1827	3827
1828	3828
1829	3829
1830	3830
1831	3831
1832	3832
1833	3833
1834	3834
1835	3835
1836	3836
1837	3837
1838	3838
1839	3839
1840	3840
1841	3841
1842	3842
1843	3843
1844	3844
1845	3845
1846	3846
1847	3847
1848	3848
1849	3849
1850	3850
1851	3851
1852	3852
1853	3853
1854	3854
1855	3855
1856	3856
1857	3857
1858	3858
1859	3859
1860	3860
1861	3861
1862	3862
1863	3863
1864	3864
1865	3865
1866	3866
1867	3867
1868	3868
1869	3869
1870	3870
1871	3871
1872	3872
1873	3873
1874	3874
1875	3875
1876	3876
1877	3877
1878	3878
1879	3879
1880	3880
1881	3881
1882	3882
1883	3883
1884	3884
1885	3885
1886	3886
1887	3887
1888	3888
1889	3889
1890	3890
1891	3891
1892	3892
1893	3893
1894	3894
1895	3895
1896	3896
1897	3897
1898	3898
1899	3899
1900	3900
1901	3901
1902	3902
1903	3903
1904	3904
1905	3905
1906	3906
1907	3907
1908	3908
1909	3909
1910	3910
1911	3911
1912	3912
1913	3913
1914	3914
1915	3915
1916	3916
1917	3917
1918	3918
1919	3919
1920	3920
1921	3921
1922	3922
1923	3923
1924	3924
1925	3925
1926	3926
1927	3927
1928	3928
1929	3929
1930	3930
1931	3931
1932	3932
1933	3933
1934	3934
1935	3935
1936	3936
1937	3937
1938	3938
1939	3939
1940	3940
1941	3941
1942	3942
1943	3943
1944	3944
1945	3945
1946	3946
1947	3947
1948	3948
1949	3949
1950	3950
1951	3951
1952	3952
1953	3953
1954	3954
1955	3955
1956	3956
1957	3957
1958	3958
1959	3959
1960	3960
1961	3961
1962	3962
1963	3963
1964	3964
1965	3965
1966	3966
1967	3967
1968	3968
1969	3969
1970	3970
1971	3971
1972	3972
1973	3973
1974	3974
1975	3975
1976	3976
1977	3977
1978	3978
1979	3979
1980	3980
1981	3981
1982	3982
1983	3983
1984	3984
1985	3985
1986	3986
1987	3987
1988	3988
1989	3989
1990	3990
1991	3991
1992	3992
1993	3993
1994	3994
1995	3995
1996	3996
1997	3997
1998	3998
1999	3999
2000	4000
